gamma
   21.0781   11.9366    6.2265    4.2227
   11.9366   16.9992   10.9737    6.2265
    6.2265   10.9737   16.9992   11.9366
    4.2227    6.2265   11.9366   21.0781
Overlap
   1.0000e+00   4.8501e-01  -4.6382e-01            0            0   7.2952e-02  -9.7547e-02            0            0   7.3985e-03
   4.8501e-01   1.0000e+00            0            0            0   4.6629e-01  -4.5219e-01            0            0   7.2952e-02
  -4.6382e-01            0   1.0000e+00            0            0   4.5219e-01  -3.1207e-01            0            0   9.7547e-02
            0            0            0   1.0000e+00            0            0            0   2.9737e-01            0            0
            0            0            0            0   1.0000e+00            0            0            0   2.9737e-01            0
   7.2952e-02   4.6629e-01   4.5219e-01            0            0   1.0000e+00  -6.7317e-16            0            0   4.8501e-01
  -9.7547e-02  -4.5219e-01  -3.1207e-01            0            0  -6.7317e-16   1.0000e+00            0            0   4.6382e-01
            0            0            0   2.9737e-01            0            0            0   1.0000e+00            0            0
            0            0            0            0   2.9737e-01            0            0            0   1.0000e+00            0
   7.3985e-03   7.2952e-02   9.7547e-02            0            0   4.8501e-01   4.6382e-01            0            0   1.0000e+00
H_core
  -9.4590e+01  -7.2752e+00   6.9573e+00            0            0  -1.0943e+00   1.4632e+00            0            0  -6.6587e-02
  -7.2752e+00  -1.3561e+02            0            0            0  -9.7920e+00   9.4959e+00            0            0  -1.0943e+00
   6.9573e+00            0  -1.2713e+02            0            0  -9.4959e+00   6.5535e+00            0            0  -1.4632e+00
            0            0            0  -1.2713e+02            0            0            0  -6.2448e+00            0            0
            0            0            0            0  -1.2713e+02            0            0            0  -6.2448e+00            0
  -1.0943e+00  -9.7920e+00  -9.4959e+00            0            0  -1.3561e+02   1.4137e-14            0            0  -7.2752e+00
   1.4632e+00   9.4959e+00   6.5535e+00            0            0   1.4137e-14  -1.2713e+02            0            0  -6.9573e+00
            0            0            0  -6.2448e+00            0            0            0  -1.2713e+02            0            0
            0            0            0            0  -6.2448e+00            0            0            0  -1.2713e+02            0
  -6.6587e-02  -1.0943e+00  -1.4632e+00            0            0  -7.2752e+00  -6.9573e+00            0            0  -9.4590e+01
Iteration: 0
Fa
  -9.4590e+01  -7.2752e+00   6.9573e+00            0            0  -1.0943e+00   1.4632e+00            0            0  -6.6587e-02
  -7.2752e+00  -1.3561e+02            0            0            0  -9.7920e+00   9.4959e+00            0            0  -1.0943e+00
   6.9573e+00            0  -1.2713e+02            0            0  -9.4959e+00   6.5535e+00            0            0  -1.4632e+00
            0            0            0  -1.2713e+02            0            0            0  -6.2448e+00            0            0
            0            0            0            0  -1.2713e+02            0            0            0  -6.2448e+00            0
  -1.0943e+00  -9.7920e+00  -9.4959e+00            0            0  -1.3561e+02   1.4137e-14            0            0  -7.2752e+00
   1.4632e+00   9.4959e+00   6.5535e+00            0            0   1.4137e-14  -1.2713e+02            0            0  -6.9573e+00
            0            0            0  -6.2448e+00            0            0            0  -1.2713e+02            0            0
            0            0            0            0  -6.2448e+00            0            0            0  -1.2713e+02            0
  -6.6587e-02  -1.0943e+00  -1.4632e+00            0            0  -7.2752e+00  -6.9573e+00            0            0  -9.4590e+01
after solving eigen equation: 0
Ca
   6.1545e-02   1.6933e-01   1.3748e-16  -8.8905e-16   1.6505e-01  -8.3223e-16   1.7260e-16   8.4962e-02   6.8482e-01  -6.8126e-01
   6.2649e-01   5.3225e-01   1.6931e-15  -4.0939e-15   3.0147e-01   1.1380e-15  -1.7347e-15  -4.5944e-01  -1.2896e-01   7.4991e-02
   3.2207e-01  -4.3364e-01   9.7145e-16   2.7200e-15  -6.1796e-01   1.2906e-15  -1.5821e-15  -5.3075e-01   1.1999e-01  -1.7397e-01
   1.9280e-16   8.2906e-16   5.0718e-01   4.9271e-01   2.4529e-15   3.9065e-01   5.8940e-01  -8.4442e-16   7.1978e-17  -7.1712e-17
  -2.6814e-16  -7.4764e-15   4.9271e-01  -5.0718e-01   3.6528e-15   5.8940e-01  -3.9065e-01   2.5397e-15   3.1493e-16  -3.2075e-16
   6.2649e-01  -5.3225e-01  -5.3846e-15   4.3854e-15   3.0147e-01  -9.4369e-16   1.5543e-15   4.5944e-01  -1.2896e-01  -7.4991e-02
  -3.2207e-01  -4.3364e-01  -6.4948e-15   5.8842e-15   6.1796e-01   1.5543e-15  -3.0531e-15  -5.3075e-01  -1.1999e-01  -1.7397e-01
   7.7716e-16   1.0825e-15   5.0718e-01   4.9271e-01   1.2212e-15  -3.9065e-01  -5.8940e-01   1.7764e-15  -3.7470e-16   4.3021e-16
  -5.5511e-16  -7.8826e-15   4.9271e-01  -5.0718e-01   4.8850e-15  -5.8940e-01   3.9065e-01  -3.4417e-15  -1.3878e-16   1.6653e-16
   6.1545e-02  -1.6933e-01  -2.1012e-15   1.8872e-15   1.6505e-01   2.3942e-16  -5.1944e-16  -8.4962e-02   6.8482e-01   6.8126e-01
Pa_new
   5.9699e-02   1.7844e-01  -1.5560e-01   1.8877e-16  -1.6094e-16  -1.8099e-03   8.7444e-03   6.4364e-17  -4.3998e-17   2.3566e-03
   1.7844e-01   7.6666e-01  -2.1533e-01   1.4311e-16  -1.3551e-16   2.0008e-01  -2.4628e-01   2.7276e-16  -1.5999e-16  -1.8099e-03
  -1.5560e-01  -2.1533e-01   6.7364e-01   1.9686e-17  -2.4928e-18   2.4628e-01  -2.9756e-01   8.5912e-16  -6.8026e-16  -8.7444e-03
   1.8877e-16   1.4311e-16   1.9686e-17   5.0000e-01  -1.4155e-15  -1.5124e-16   6.9934e-16   5.0000e-01   3.6082e-16   1.4045e-16
  -1.6094e-16  -1.3551e-16  -2.4928e-18  -1.4155e-15   5.0000e-01   3.5301e-17  -5.9876e-16  -4.4409e-16   5.0000e-01  -1.4010e-16
  -1.8099e-03   2.0008e-01   2.4628e-01  -1.5124e-16   3.5301e-17   7.6666e-01   2.1533e-01  -2.9134e-16   4.4317e-16   1.7844e-01
   8.7444e-03  -2.4628e-01  -2.9756e-01   6.9934e-16  -5.9876e-16   2.1533e-01   6.7364e-01  -3.5987e-16   4.3125e-16   1.5560e-01
   6.4364e-17   2.7276e-16   8.5912e-16   5.0000e-01  -4.4409e-16  -2.9134e-16  -3.5987e-16   5.0000e-01   1.3323e-15  -6.9777e-17
  -4.3998e-17  -1.5999e-16  -6.8026e-16   3.6082e-16   5.0000e-01   4.4317e-16   4.3125e-16   1.3323e-15   5.0000e-01   1.1439e-16
   2.3566e-03  -1.8099e-03  -8.7444e-03   1.4045e-16  -1.4010e-16   1.7844e-01   1.5560e-01  -6.9777e-17   1.1439e-16   5.9699e-02
P_t
   0.1194
   4.8806
   4.8806
   0.1194
Ga
   9.0409e+01  -2.1299e+00   1.8573e+00  -2.2533e-15   1.9210e-15   1.1269e-02  -5.4447e-02  -4.0076e-16   2.7395e-16  -9.9514e-03
  -2.1299e+00   1.2566e+02   3.6604e+00  -2.4328e-15   2.3036e-15  -2.1956e+00   2.7025e+00  -2.9932e-15   1.7556e-15   1.1269e-02
   1.8573e+00   3.6604e+00   1.2724e+02  -3.3464e-16   4.2376e-17  -2.7025e+00   3.2654e+00  -9.4277e-15   7.4649e-15   5.4447e-02
  -2.2533e-15  -2.4328e-15  -3.3464e-16   1.3019e+02   2.4063e-14   1.6596e-15  -7.6743e-15  -5.4868e+00  -3.9595e-15  -8.7451e-16
   1.9210e-15   2.3036e-15   4.2376e-17   2.4063e-14   1.3019e+02  -3.8739e-16   6.5705e-15   4.8733e-15  -5.4868e+00   8.7232e-16
   1.1269e-02  -2.1956e+00  -2.7025e+00   1.6596e-15  -3.8739e-16   1.2566e+02  -3.6604e+00   4.9525e-15  -7.5336e-15  -2.1299e+00
  -5.4447e-02   2.7025e+00   3.2654e+00  -7.6743e-15   6.5705e-15  -3.6604e+00   1.2724e+02   6.1175e-15  -7.3309e-15  -1.8573e+00
  -4.0076e-16  -2.9932e-15  -9.4277e-15  -5.4868e+00   4.8733e-15   4.9525e-15   6.1175e-15   1.3019e+02  -2.2647e-14   8.3290e-16
   2.7395e-16   1.7556e-15   7.4649e-15  -3.9595e-15  -5.4868e+00  -7.5336e-15  -7.3309e-15  -2.2647e-14   1.3019e+02  -1.3654e-15
  -9.9514e-03   1.1269e-02   5.4447e-02  -8.7451e-16   8.7232e-16  -2.1299e+00  -1.8573e+00   8.3290e-16  -1.3654e-15   9.0409e+01
Gb
   9.0409e+01  -2.1299e+00   1.8573e+00  -2.2533e-15   1.9210e-15   1.1269e-02  -5.4447e-02  -4.0076e-16   2.7395e-16  -9.9514e-03
  -2.1299e+00   1.2566e+02   3.6604e+00  -2.4328e-15   2.3036e-15  -2.1956e+00   2.7025e+00  -2.9932e-15   1.7556e-15   1.1269e-02
   1.8573e+00   3.6604e+00   1.2724e+02  -3.3464e-16   4.2376e-17  -2.7025e+00   3.2654e+00  -9.4277e-15   7.4649e-15   5.4447e-02
  -2.2533e-15  -2.4328e-15  -3.3464e-16   1.3019e+02   2.4063e-14   1.6596e-15  -7.6743e-15  -5.4868e+00  -3.9595e-15  -8.7451e-16
   1.9210e-15   2.3036e-15   4.2376e-17   2.4063e-14   1.3019e+02  -3.8739e-16   6.5705e-15   4.8733e-15  -5.4868e+00   8.7232e-16
   1.1269e-02  -2.1956e+00  -2.7025e+00   1.6596e-15  -3.8739e-16   1.2566e+02  -3.6604e+00   4.9525e-15  -7.5336e-15  -2.1299e+00
  -5.4447e-02   2.7025e+00   3.2654e+00  -7.6743e-15   6.5705e-15  -3.6604e+00   1.2724e+02   6.1175e-15  -7.3309e-15  -1.8573e+00
  -4.0076e-16  -2.9932e-15  -9.4277e-15  -5.4868e+00   4.8733e-15   4.9525e-15   6.1175e-15   1.3019e+02  -2.2647e-14   8.3290e-16
   2.7395e-16   1.7556e-15   7.4649e-15  -3.9595e-15  -5.4868e+00  -7.5336e-15  -7.3309e-15  -2.2647e-14   1.3019e+02  -1.3654e-15
  -9.9514e-03   1.1269e-02   5.4447e-02  -8.7451e-16   8.7232e-16  -2.1299e+00  -1.8573e+00   8.3290e-16  -1.3654e-15   9.0409e+01
Iteration: 1
Fa
  -4.1808e+00  -9.4052e+00   8.8146e+00  -2.2533e-15   1.9210e-15  -1.0830e+00   1.4088e+00  -4.0076e-16   2.7395e-16  -7.6538e-02
  -9.4052e+00  -9.9455e+00   3.6604e+00  -2.4328e-15   2.3036e-15  -1.1988e+01   1.2198e+01  -2.9932e-15   1.7556e-15  -1.0830e+00
   8.8146e+00   3.6604e+00   1.1471e-01  -3.3464e-16   4.2376e-17  -1.2198e+01   9.8189e+00  -9.4277e-15   7.4649e-15  -1.4088e+00
  -2.2533e-15  -2.4328e-15  -3.3464e-16   3.0665e+00   2.4063e-14   1.6596e-15  -7.6743e-15  -1.1732e+01  -3.9595e-15  -8.7451e-16
   1.9210e-15   2.3036e-15   4.2376e-17   2.4063e-14   3.0665e+00  -3.8739e-16   6.5705e-15   4.8733e-15  -1.1732e+01   8.7232e-16
  -1.0830e+00  -1.1988e+01  -1.2198e+01   1.6596e-15  -3.8739e-16  -9.9455e+00  -3.6604e+00   4.9525e-15  -7.5336e-15  -9.4052e+00
   1.4088e+00   1.2198e+01   9.8189e+00  -7.6743e-15   6.5705e-15  -3.6604e+00   1.1471e-01   6.1175e-15  -7.3309e-15  -8.8146e+00
  -4.0076e-16  -2.9932e-15  -9.4277e-15  -1.1732e+01   4.8733e-15   4.9525e-15   6.1175e-15   3.0665e+00  -2.2647e-14   8.3290e-16
   2.7395e-16   1.7556e-15   7.4649e-15  -3.9595e-15  -1.1732e+01  -7.5336e-15  -7.3309e-15  -2.2647e-14   3.0665e+00  -1.3654e-15
  -7.6538e-02  -1.0830e+00  -1.4088e+00  -8.7451e-16   8.7232e-16  -9.4052e+00  -8.8146e+00   8.3290e-16  -1.3654e-15  -4.1808e+00
after solving eigen equation: 1
Ca
  -2.1549e-01  -4.3861e-01  -4.3018e-01   2.7322e-16   3.1388e-17  -5.4663e-01   5.1818e-01  -1.7174e-16  -1.8388e-16   9.3902e-02
  -6.4030e-01  -4.1788e-01  -3.7782e-02   4.1633e-17   9.5410e-18   4.0441e-01  -2.9764e-01   2.8449e-16  -3.1225e-17   4.0229e-01
  -2.0876e-01   3.6469e-01   5.5992e-01  -4.1633e-17  -2.4286e-17  -1.9404e-01   3.7802e-01  -2.4980e-16  -6.0021e-16   5.7389e-01
   5.9119e-17  -2.5979e-17  -1.5296e-16   4.7882e-02   7.0548e-01  -2.0927e-16  -5.3307e-16   1.8061e-01  -6.8365e-01  -3.0311e-16
   4.8341e-17   1.2618e-16  -1.4416e-16  -7.0548e-01   4.7882e-02   2.9683e-16   6.1670e-16   6.8365e-01   1.8061e-01   1.7763e-16
  -6.4030e-01   4.1788e-01  -3.7782e-02  -1.1102e-16            0  -4.0441e-01  -2.9764e-01   2.7756e-16   4.1633e-16  -4.0229e-01
   2.0876e-01   3.6469e-01  -5.5992e-01   6.1062e-16   9.0206e-17  -1.9404e-01  -3.7802e-01   3.8858e-16   5.5511e-16   5.7389e-01
   1.3653e-16  -1.8794e-16   3.0007e-16   4.7882e-02   7.0548e-01   1.0979e-16   2.9261e-16  -1.8061e-01   6.8365e-01  -1.2427e-17
   1.1102e-16   3.3307e-16  -6.6613e-16  -7.0548e-01   4.7882e-02  -5.5511e-17  -4.4409e-16  -6.8365e-01  -1.8061e-01   5.5511e-17
  -2.1549e-01   4.3861e-01  -4.3018e-01   5.0311e-16   1.6233e-16   5.4663e-01   5.1818e-01  -2.3023e-16  -3.2686e-16  -9.3902e-02
Pa_new
   4.2387e-01   3.3752e-01  -3.5584e-01   9.9681e-17  -1.9500e-16  -2.9053e-02   3.5925e-02  -4.0847e-17  -7.4700e-17   3.9115e-02
   3.3752e-01   5.8603e-01  -3.9880e-02  -1.2494e-17  -1.0715e-16   2.3679e-01  -2.6491e-01  -1.1499e-17  -2.1402e-16  -2.9053e-02
  -3.5584e-01  -3.9880e-02   4.9010e-01  -1.2659e-16  -1.6583e-17   2.6491e-01  -2.2410e-01   5.1844e-17  -2.4649e-16  -3.5925e-02
   9.9681e-17  -1.2494e-17  -1.2659e-16   5.0000e-01  -1.0339e-15  -4.8246e-17   1.8139e-16   5.0000e-01   1.6653e-16   1.8028e-16
  -1.9500e-16  -1.0715e-16  -1.6583e-17  -1.0339e-15   5.0000e-01   1.0555e-16  -2.8964e-16  -1.6653e-16   5.0000e-01  -2.4022e-16
  -2.9053e-02   2.3679e-01   2.6491e-01  -4.8246e-17   1.0555e-16   5.8603e-01   3.9880e-02  -1.8261e-16   1.7159e-16   3.3752e-01
   3.5925e-02  -2.6491e-01  -2.2410e-01   1.8139e-16  -2.8964e-16   3.9880e-02   4.9010e-01  -1.1517e-16   9.1164e-17   3.5584e-01
  -4.0847e-17  -1.1499e-17   5.1844e-17   5.0000e-01  -1.6653e-16  -1.8261e-16  -1.1517e-16   5.0000e-01   1.0408e-15  -1.0232e-16
  -7.4700e-17  -2.1402e-16  -2.4649e-16   1.6653e-16   5.0000e-01   1.7159e-16   9.1164e-17   1.0408e-15   5.0000e-01   6.1560e-17
   3.9115e-02  -2.9053e-02  -3.5925e-02   1.8028e-16  -2.4022e-16   3.3752e-01   3.5584e-01  -1.0232e-16   6.1560e-17   4.2387e-01
P_t
   0.8477
   4.1523
   4.1523
   0.8477
Ga
   8.7932e+01  -4.0288e+00   4.2475e+00  -1.1899e-15   2.3276e-15   1.8090e-01  -2.2369e-01   2.5434e-16   4.6512e-16  -1.6517e-01
  -4.0288e+00   1.2159e+02   6.7793e-01   2.1239e-16   1.8214e-15  -2.5984e+00   2.9071e+00   1.2619e-16   2.3485e-15   1.8090e-01
   4.2475e+00   6.7793e-01   1.2322e+02   2.1519e-15   2.8190e-16  -2.9071e+00   2.4592e+00  -5.6892e-16   2.7049e-15   2.2369e-01
  -1.1899e-15   2.1239e-16   2.1519e-15   1.2305e+02   1.7575e-14   5.2944e-16  -1.9905e-15  -5.4868e+00  -1.8275e-15  -1.1225e-15
   2.3276e-15   1.8214e-15   2.8190e-16   1.7575e-14   1.2305e+02  -1.1582e-15   3.1784e-15   1.8275e-15  -5.4868e+00   1.4957e-15
   1.8090e-01  -2.5984e+00  -2.9071e+00   5.2944e-16  -1.1582e-15   1.2159e+02  -6.7793e-01   3.1042e-15  -2.9168e-15  -4.0288e+00
  -2.2369e-01   2.9071e+00   2.4592e+00  -1.9905e-15   3.1784e-15  -6.7793e-01   1.2322e+02   1.9579e-15  -1.5497e-15  -4.2475e+00
   2.5434e-16   1.2619e-16  -5.6892e-16  -5.4868e+00   1.8275e-15   3.1042e-15   1.9579e-15   1.2305e+02  -1.7693e-14   1.2214e-15
   4.6512e-16   2.3485e-15   2.7049e-15  -1.8275e-15  -5.4868e+00  -2.9168e-15  -1.5497e-15  -1.7693e-14   1.2305e+02  -7.3482e-16
  -1.6517e-01   1.8090e-01   2.2369e-01  -1.1225e-15   1.4957e-15  -4.0288e+00  -4.2475e+00   1.2214e-15  -7.3482e-16   8.7932e+01
Gb
   8.7932e+01  -4.0288e+00   4.2475e+00  -1.1899e-15   2.3276e-15   1.8090e-01  -2.2369e-01   2.5434e-16   4.6512e-16  -1.6517e-01
  -4.0288e+00   1.2159e+02   6.7793e-01   2.1239e-16   1.8214e-15  -2.5984e+00   2.9071e+00   1.2619e-16   2.3485e-15   1.8090e-01
   4.2475e+00   6.7793e-01   1.2322e+02   2.1519e-15   2.8190e-16  -2.9071e+00   2.4592e+00  -5.6892e-16   2.7049e-15   2.2369e-01
  -1.1899e-15   2.1239e-16   2.1519e-15   1.2305e+02   1.7575e-14   5.2944e-16  -1.9905e-15  -5.4868e+00  -1.8275e-15  -1.1225e-15
   2.3276e-15   1.8214e-15   2.8190e-16   1.7575e-14   1.2305e+02  -1.1582e-15   3.1784e-15   1.8275e-15  -5.4868e+00   1.4957e-15
   1.8090e-01  -2.5984e+00  -2.9071e+00   5.2944e-16  -1.1582e-15   1.2159e+02  -6.7793e-01   3.1042e-15  -2.9168e-15  -4.0288e+00
  -2.2369e-01   2.9071e+00   2.4592e+00  -1.9905e-15   3.1784e-15  -6.7793e-01   1.2322e+02   1.9579e-15  -1.5497e-15  -4.2475e+00
   2.5434e-16   1.2619e-16  -5.6892e-16  -5.4868e+00   1.8275e-15   3.1042e-15   1.9579e-15   1.2305e+02  -1.7693e-14   1.2214e-15
   4.6512e-16   2.3485e-15   2.7049e-15  -1.8275e-15  -5.4868e+00  -2.9168e-15  -1.5497e-15  -1.7693e-14   1.2305e+02  -7.3482e-16
  -1.6517e-01   1.8090e-01   2.2369e-01  -1.1225e-15   1.4957e-15  -4.0288e+00  -4.2475e+00   1.2214e-15  -7.3482e-16   8.7932e+01
Iteration: 2
Fa
  -6.6581e+00  -1.1304e+01   1.1205e+01  -1.1899e-15   2.3276e-15  -9.1339e-01   1.2395e+00   2.5434e-16   4.6512e-16  -2.3176e-01
  -1.1304e+01  -1.4020e+01   6.7793e-01   2.1239e-16   1.8214e-15  -1.2390e+01   1.2403e+01   1.2619e-16   2.3485e-15  -9.1339e-01
   1.1205e+01   6.7793e-01  -3.9101e+00   2.1519e-15   2.8190e-16  -1.2403e+01   9.0127e+00  -5.6892e-16   2.7049e-15  -1.2395e+00
  -1.1899e-15   2.1239e-16   2.1519e-15  -4.0784e+00   1.7575e-14   5.2944e-16  -1.9905e-15  -1.1732e+01  -1.8275e-15  -1.1225e-15
   2.3276e-15   1.8214e-15   2.8190e-16   1.7575e-14  -4.0784e+00  -1.1582e-15   3.1784e-15   1.8275e-15  -1.1732e+01   1.4957e-15
  -9.1339e-01  -1.2390e+01  -1.2403e+01   5.2944e-16  -1.1582e-15  -1.4020e+01  -6.7793e-01   3.1042e-15  -2.9168e-15  -1.1304e+01
   1.2395e+00   1.2403e+01   9.0127e+00  -1.9905e-15   3.1784e-15  -6.7793e-01  -3.9101e+00   1.9579e-15  -1.5497e-15  -1.1205e+01
   2.5434e-16   1.2619e-16  -5.6892e-16  -1.1732e+01   1.8275e-15   3.1042e-15   1.9579e-15  -4.0784e+00  -1.7693e-14   1.2214e-15
   4.6512e-16   2.3485e-15   2.7049e-15  -1.8275e-15  -1.1732e+01  -2.9168e-15  -1.5497e-15  -1.7693e-14  -4.0784e+00  -7.3482e-16
  -2.3176e-01  -9.1339e-01  -1.2395e+00  -1.1225e-15   1.4957e-15  -1.1304e+01  -1.1205e+01   1.2214e-15  -7.3482e-16  -6.6581e+00
after solving eigen equation: 2
Ca
  -1.8635e-01  -4.5827e-01  -4.6638e-01   4.9716e-16  -1.3878e-17   5.0981e-01  -1.4138e-15   5.9458e-16   4.9776e-01  -1.7343e-01
  -6.3267e-01  -4.0043e-01  -7.4693e-02  -2.0708e-16   6.9389e-18  -4.7488e-01   9.1593e-16  -2.8103e-16  -3.0684e-01  -3.3786e-01
  -2.5496e-01   3.6006e-01   5.2622e-01  -7.7889e-16   4.0246e-16   1.2075e-01  -9.5757e-16   2.1164e-16   3.9760e-01  -5.9647e-01
   2.3296e-16  -1.4411e-16  -8.2585e-16  -7.0659e-01  -2.7002e-02   1.3205e-16  -7.2661e-02  -7.0336e-01   4.4307e-16   1.0066e-16
   3.9870e-17   1.5036e-16   3.7527e-16   2.7002e-02  -7.0659e-01   1.5731e-17  -7.0336e-01   7.2661e-02  -2.2898e-15  -2.1192e-16
  -6.3267e-01   4.0043e-01  -7.4693e-02  -1.5959e-16  -1.1102e-16   4.7488e-01   9.9920e-16  -1.9429e-16  -3.0684e-01   3.3786e-01
   2.5496e-01   3.6006e-01  -5.2622e-01   5.1001e-16  -5.5511e-17   1.2075e-01   1.3878e-15  -3.2613e-16  -3.9760e-01  -5.9647e-01
   4.6908e-16  -1.5178e-16  -8.0275e-16  -7.0659e-01  -2.7002e-02  -8.6816e-17   7.2661e-02   7.0336e-01  -4.7720e-16   1.8875e-17
   5.5511e-17   3.3307e-16   2.2204e-16   2.7002e-02  -7.0659e-01  -1.1102e-16   7.0336e-01  -7.2661e-02   2.4425e-15            0
  -1.8635e-01   4.5827e-01  -4.6638e-01   3.0720e-16   1.1516e-30  -5.0981e-01  -1.7304e-15   5.0479e-16   4.9776e-01   1.7343e-01
Pa_new
   4.6225e-01   3.3624e-01  -3.6291e-01   5.6871e-17  -2.2813e-16  -3.0771e-02   3.2901e-02   5.6166e-18  -2.4331e-16   4.2227e-02
   3.3624e-01   5.6619e-01  -2.2180e-02   1.1814e-16  -1.2396e-16   2.4550e-01  -2.6618e-01  -2.9895e-17  -1.9557e-16  -3.0771e-02
  -3.6291e-01  -2.2180e-02   4.7156e-01  -6.3733e-18  -6.3952e-17   2.6618e-01  -2.1227e-01  -5.7183e-17  -8.2786e-17  -3.2901e-02
   5.6871e-17   1.1814e-16  -6.3733e-18   5.0000e-01  -8.3961e-16  -2.7640e-17   8.3220e-17   5.0000e-01  -1.5266e-16   5.8644e-17
  -2.2813e-16  -1.2396e-16  -6.3952e-17  -8.3961e-16   5.0000e-01   8.1094e-17  -8.0175e-17   6.2450e-17   5.0000e-01  -1.0525e-16
  -3.0771e-02   2.4550e-01   2.6618e-01  -2.7640e-17   8.1094e-17   5.6619e-01   2.2180e-02  -1.8182e-16   1.5580e-16   3.3624e-01
   3.2901e-02  -2.6618e-01  -2.1227e-01   8.3220e-17  -8.0175e-17   2.2180e-02   4.7156e-01   1.2850e-16   7.0229e-17   3.6291e-01
   5.6166e-18  -2.9895e-17  -5.7183e-17   5.0000e-01   6.2450e-17  -1.8182e-16   1.2850e-16   5.0000e-01   7.4940e-16   3.5157e-19
  -2.4331e-16  -1.9557e-16  -8.2786e-17  -1.5266e-16   5.0000e-01   1.5580e-16   7.0229e-17   7.4940e-16   5.0000e-01   4.7027e-17
   4.2227e-02  -3.0771e-02  -3.2901e-02   5.8644e-17  -1.0525e-16   3.3624e-01   3.6291e-01   3.5157e-19   4.7027e-17   4.6225e-01
P_t
   0.9245
   4.0755
   4.0755
   0.9245
Ga
   8.7671e+01  -4.0135e+00   4.3320e+00  -6.7884e-16   2.7230e-15   1.9159e-01  -2.0486e-01  -3.4972e-17   1.5149e-15  -1.7831e-01
  -4.0135e+00   1.2117e+02   3.7704e-01  -2.0082e-15   2.1072e-15  -2.6941e+00   2.9210e+00   3.2806e-16   2.1461e-15   1.9159e-01
   4.3320e+00   3.7704e-01   1.2278e+02   1.0834e-16   1.0871e-15  -2.9210e+00   2.3294e+00   6.2751e-16   9.0846e-16   2.0486e-01
  -6.7884e-16  -2.0082e-15   1.0834e-16   1.2230e+02   1.4273e-14   3.0332e-16  -9.1323e-16  -5.4868e+00   1.6752e-15  -3.6515e-16
   2.7230e-15   2.1072e-15   1.0871e-15   1.4273e-14   1.2230e+02  -8.8989e-16   8.7981e-16  -6.8531e-16  -5.4868e+00   6.5532e-16
   1.9159e-01  -2.6941e+00  -2.9210e+00   3.0332e-16  -8.8989e-16   1.2117e+02  -3.7704e-01   3.0908e-15  -2.6485e-15  -4.0135e+00
  -2.0486e-01   2.9210e+00   2.3294e+00  -9.1323e-16   8.7981e-16  -3.7704e-01   1.2278e+02  -2.1844e-15  -1.1938e-15  -4.3320e+00
  -3.4972e-17   3.2806e-16   6.2751e-16  -5.4868e+00  -6.8531e-16   3.0908e-15  -2.1844e-15   1.2230e+02  -1.2739e-14  -4.1965e-18
   1.5149e-15   2.1461e-15   9.0846e-16   1.6752e-15  -5.4868e+00  -2.6485e-15  -1.1938e-15  -1.2739e-14   1.2230e+02  -5.6135e-16
  -1.7831e-01   1.9159e-01   2.0486e-01  -3.6515e-16   6.5532e-16  -4.0135e+00  -4.3320e+00  -4.1965e-18  -5.6135e-16   8.7671e+01
Gb
   8.7671e+01  -4.0135e+00   4.3320e+00  -6.7884e-16   2.7230e-15   1.9159e-01  -2.0486e-01  -3.4972e-17   1.5149e-15  -1.7831e-01
  -4.0135e+00   1.2117e+02   3.7704e-01  -2.0082e-15   2.1072e-15  -2.6941e+00   2.9210e+00   3.2806e-16   2.1461e-15   1.9159e-01
   4.3320e+00   3.7704e-01   1.2278e+02   1.0834e-16   1.0871e-15  -2.9210e+00   2.3294e+00   6.2751e-16   9.0846e-16   2.0486e-01
  -6.7884e-16  -2.0082e-15   1.0834e-16   1.2230e+02   1.4273e-14   3.0332e-16  -9.1323e-16  -5.4868e+00   1.6752e-15  -3.6515e-16
   2.7230e-15   2.1072e-15   1.0871e-15   1.4273e-14   1.2230e+02  -8.8989e-16   8.7981e-16  -6.8531e-16  -5.4868e+00   6.5532e-16
   1.9159e-01  -2.6941e+00  -2.9210e+00   3.0332e-16  -8.8989e-16   1.2117e+02  -3.7704e-01   3.0908e-15  -2.6485e-15  -4.0135e+00
  -2.0486e-01   2.9210e+00   2.3294e+00  -9.1323e-16   8.7981e-16  -3.7704e-01   1.2278e+02  -2.1844e-15  -1.1938e-15  -4.3320e+00
  -3.4972e-17   3.2806e-16   6.2751e-16  -5.4868e+00  -6.8531e-16   3.0908e-15  -2.1844e-15   1.2230e+02  -1.2739e-14  -4.1965e-18
   1.5149e-15   2.1461e-15   9.0846e-16   1.6752e-15  -5.4868e+00  -2.6485e-15  -1.1938e-15  -1.2739e-14   1.2230e+02  -5.6135e-16
  -1.7831e-01   1.9159e-01   2.0486e-01  -3.6515e-16   6.5532e-16  -4.0135e+00  -4.3320e+00  -4.1965e-18  -5.6135e-16   8.7671e+01
Iteration: 3
Fa
  -6.9192e+00  -1.1289e+01   1.1289e+01  -6.7884e-16   2.7230e-15  -9.0269e-01   1.2583e+00  -3.4972e-17   1.5149e-15  -2.4490e-01
  -1.1289e+01  -1.4435e+01   3.7704e-01  -2.0082e-15   2.1072e-15  -1.2486e+01   1.2417e+01   3.2806e-16   2.1461e-15  -9.0269e-01
   1.1289e+01   3.7704e-01  -4.3479e+00   1.0834e-16   1.0871e-15  -1.2417e+01   8.8829e+00   6.2751e-16   9.0846e-16  -1.2583e+00
  -6.7884e-16  -2.0082e-15   1.0834e-16  -4.8313e+00   1.4273e-14   3.0332e-16  -9.1323e-16  -1.1732e+01   1.6752e-15  -3.6515e-16
   2.7230e-15   2.1072e-15   1.0871e-15   1.4273e-14  -4.8313e+00  -8.8989e-16   8.7981e-16  -6.8531e-16  -1.1732e+01   6.5532e-16
  -9.0269e-01  -1.2486e+01  -1.2417e+01   3.0332e-16  -8.8989e-16  -1.4435e+01  -3.7704e-01   3.0908e-15  -2.6485e-15  -1.1289e+01
   1.2583e+00   1.2417e+01   8.8829e+00  -9.1323e-16   8.7981e-16  -3.7704e-01  -4.3479e+00  -2.1844e-15  -1.1938e-15  -1.1289e+01
  -3.4972e-17   3.2806e-16   6.2751e-16  -1.1732e+01  -6.8531e-16   3.0908e-15  -2.1844e-15  -4.8313e+00  -1.2739e-14  -4.1965e-18
   1.5149e-15   2.1461e-15   9.0846e-16   1.6752e-15  -1.1732e+01  -2.6485e-15  -1.1938e-15  -1.2739e-14  -4.8313e+00  -5.6135e-16
  -2.4490e-01  -9.0269e-01  -1.2583e+00  -3.6515e-16   6.5532e-16  -1.1289e+01  -1.1289e+01  -4.1965e-18  -5.6135e-16  -6.9192e+00
after solving eigen equation: 3
Ca
  -1.7982e-01  -4.5944e-01  -4.7077e-01   1.8908e-16   2.4286e-16   5.0490e-01   2.5327e-15  -7.5200e-16  -4.9603e-01  -1.8437e-01
  -6.3172e-01  -3.9816e-01  -8.2083e-02   1.4572e-16   1.8041e-16  -4.8261e-01  -2.8380e-15   5.5164e-16   3.0691e-01  -3.2948e-01
  -2.6191e-01   3.6109e-01   5.2119e-01  -1.7347e-16  -1.0408e-17   1.1026e-01   2.0817e-17  -6.5919e-16  -3.9970e-01  -5.9787e-01
  -1.5154e-16  -1.4861e-16   8.1242e-17  -2.9457e-01  -6.4283e-01   4.0273e-15  -4.3288e-01   5.5912e-01   9.2761e-16  -2.3530e-16
   2.2266e-17   1.1206e-16  -1.2079e-16   6.4283e-01  -2.9457e-01  -3.4110e-15   5.5912e-01   4.3288e-01  -1.4689e-15  -2.4233e-16
  -6.3172e-01   3.9816e-01  -8.2083e-02   1.1102e-16  -8.3267e-17   4.8261e-01   4.2188e-15  -5.5511e-16   3.0691e-01   3.2948e-01
   2.6191e-01   3.6109e-01  -5.2119e-01  -2.7756e-16  -2.7756e-17   1.1026e-01   1.6653e-15  -3.3307e-16   3.9970e-01  -5.9787e-01
  -2.2213e-16  -2.7742e-16   1.1092e-16  -2.9457e-01  -6.4283e-01  -3.7469e-15   4.3288e-01  -5.5912e-01  -1.0268e-15   3.3300e-16
            0            0  -3.8858e-16   6.4283e-01  -2.9457e-01   3.2196e-15  -5.5912e-01  -4.3288e-01   1.4433e-15            0
  -1.7982e-01   4.5944e-01  -4.7077e-01  -3.2258e-16  -6.6058e-17  -5.0490e-01  -4.7791e-15   7.3312e-16  -4.9603e-01   1.8437e-01
Pa_new
   4.6504e-01   3.3516e-01  -3.6416e-01  -1.5454e-16   5.1384e-17  -3.0692e-02   3.2364e-02  -9.6637e-17   2.3294e-16   4.2876e-02
   3.3516e-01   5.6434e-01  -2.1100e-02  -1.0662e-17  -8.2429e-18   2.4728e-01  -2.6645e-01   8.2776e-17   7.2422e-17  -3.0692e-02
  -3.6416e-01  -2.1100e-02   4.7063e-01   8.6162e-17  -1.3677e-16   2.6645e-01  -2.0985e-01   7.3605e-17  -3.1097e-16  -3.2364e-02
  -1.5454e-16  -1.0662e-17   8.6162e-17   5.0000e-01  -6.3838e-16   5.0715e-17  -3.6094e-17   5.0000e-01  -2.7756e-17   5.8214e-17
   5.1384e-17  -8.2429e-18  -1.3677e-16  -6.3838e-16   5.0000e-01   1.3636e-16  -6.0992e-17   1.1102e-16   5.0000e-01  -8.3559e-17
  -3.0692e-02   2.4728e-01   2.6645e-01   5.0715e-17   1.3636e-16   5.6434e-01   2.1100e-02   4.1584e-17   1.2779e-16   3.3516e-01
   3.2364e-02  -2.6645e-01  -2.0985e-01  -3.6094e-17  -6.0992e-17   2.1100e-02   4.7063e-01  -1.1656e-16   3.2279e-17   3.6416e-01
  -9.6637e-17   8.2776e-17   7.3605e-17   5.0000e-01   1.1102e-16   4.1584e-17  -1.1656e-16   5.0000e-01   6.9389e-16  -2.2417e-18
   2.3294e-16   7.2422e-17  -3.1097e-16  -2.7756e-17   5.0000e-01   1.2779e-16   3.2279e-17   6.9389e-16   5.0000e-01  -4.9749e-18
   4.2876e-02  -3.0692e-02  -3.2364e-02   5.8214e-17  -8.3559e-17   3.3516e-01   3.6416e-01  -2.2417e-18  -4.9749e-18   4.6504e-01
P_t
   0.9301
   4.0699
   4.0699
   0.9301
Ga
   8.7652e+01  -4.0007e+00   4.3469e+00   1.8446e-15  -6.1335e-16   1.9110e-01  -2.0152e-01   6.0171e-16  -1.4504e-15  -1.8105e-01
  -4.0007e+00   1.2115e+02   3.5868e-01   1.8125e-16   1.4012e-16  -2.7135e+00   2.9239e+00  -9.0835e-16  -7.9473e-16   1.9110e-01
   4.3469e+00   3.5868e-01   1.2274e+02  -1.4647e-15   2.3250e-15  -2.9239e+00   2.3028e+00  -8.0772e-16   3.4125e-15   2.0152e-01
   1.8446e-15   1.8125e-16  -1.4647e-15   1.2224e+02   1.0852e-14  -5.5653e-16   3.9608e-16  -5.4868e+00   3.0458e-16  -3.6247e-16
  -6.1335e-16   1.4012e-16   2.3250e-15   1.0852e-14   1.2224e+02  -1.4964e-15   6.6931e-16  -1.2183e-15  -5.4868e+00   5.2028e-16
   1.9110e-01  -2.7135e+00  -2.9239e+00  -5.5653e-16  -1.4964e-15   1.2115e+02  -3.5868e-01  -7.0690e-16  -2.1724e-15  -4.0007e+00
  -2.0152e-01   2.9239e+00   2.3028e+00   3.9608e-16   6.6931e-16  -3.5868e-01   1.2274e+02   1.9814e-15  -5.4872e-16  -4.3469e+00
   6.0171e-16  -9.0835e-16  -8.0772e-16  -5.4868e+00  -1.2183e-15  -7.0690e-16   1.9814e-15   1.2224e+02  -1.1796e-14   2.6758e-17
  -1.4504e-15  -7.9473e-16   3.4125e-15   3.0458e-16  -5.4868e+00  -2.1724e-15  -5.4872e-16  -1.1796e-14   1.2224e+02   5.9383e-17
  -1.8105e-01   1.9110e-01   2.0152e-01  -3.6247e-16   5.2028e-16  -4.0007e+00  -4.3469e+00   2.6758e-17   5.9383e-17   8.7652e+01
Gb
   8.7652e+01  -4.0007e+00   4.3469e+00   1.8446e-15  -6.1335e-16   1.9110e-01  -2.0152e-01   6.0171e-16  -1.4504e-15  -1.8105e-01
  -4.0007e+00   1.2115e+02   3.5868e-01   1.8125e-16   1.4012e-16  -2.7135e+00   2.9239e+00  -9.0835e-16  -7.9473e-16   1.9110e-01
   4.3469e+00   3.5868e-01   1.2274e+02  -1.4647e-15   2.3250e-15  -2.9239e+00   2.3028e+00  -8.0772e-16   3.4125e-15   2.0152e-01
   1.8446e-15   1.8125e-16  -1.4647e-15   1.2224e+02   1.0852e-14  -5.5653e-16   3.9608e-16  -5.4868e+00   3.0458e-16  -3.6247e-16
  -6.1335e-16   1.4012e-16   2.3250e-15   1.0852e-14   1.2224e+02  -1.4964e-15   6.6931e-16  -1.2183e-15  -5.4868e+00   5.2028e-16
   1.9110e-01  -2.7135e+00  -2.9239e+00  -5.5653e-16  -1.4964e-15   1.2115e+02  -3.5868e-01  -7.0690e-16  -2.1724e-15  -4.0007e+00
  -2.0152e-01   2.9239e+00   2.3028e+00   3.9608e-16   6.6931e-16  -3.5868e-01   1.2274e+02   1.9814e-15  -5.4872e-16  -4.3469e+00
   6.0171e-16  -9.0835e-16  -8.0772e-16  -5.4868e+00  -1.2183e-15  -7.0690e-16   1.9814e-15   1.2224e+02  -1.1796e-14   2.6758e-17
  -1.4504e-15  -7.9473e-16   3.4125e-15   3.0458e-16  -5.4868e+00  -2.1724e-15  -5.4872e-16  -1.1796e-14   1.2224e+02   5.9383e-17
  -1.8105e-01   1.9110e-01   2.0152e-01  -3.6247e-16   5.2028e-16  -4.0007e+00  -4.3469e+00   2.6758e-17   5.9383e-17   8.7652e+01
Iteration: 4
Fa
  -6.9382e+00  -1.1276e+01   1.1304e+01   1.8446e-15  -6.1335e-16  -9.0318e-01   1.2617e+00   6.0171e-16  -1.4504e-15  -2.4764e-01
  -1.1276e+01  -1.4459e+01   3.5868e-01   1.8125e-16   1.4012e-16  -1.2506e+01   1.2420e+01  -9.0835e-16  -7.9473e-16  -9.0318e-01
   1.1304e+01   3.5868e-01  -4.3867e+00  -1.4647e-15   2.3250e-15  -1.2420e+01   8.8563e+00  -8.0772e-16   3.4125e-15  -1.2617e+00
   1.8446e-15   1.8125e-16  -1.4647e-15  -4.8861e+00   1.0852e-14  -5.5653e-16   3.9608e-16  -1.1732e+01   3.0458e-16  -3.6247e-16
  -6.1335e-16   1.4012e-16   2.3250e-15   1.0852e-14  -4.8861e+00  -1.4964e-15   6.6931e-16  -1.2183e-15  -1.1732e+01   5.2028e-16
  -9.0318e-01  -1.2506e+01  -1.2420e+01  -5.5653e-16  -1.4964e-15  -1.4459e+01  -3.5868e-01  -7.0690e-16  -2.1724e-15  -1.1276e+01
   1.2617e+00   1.2420e+01   8.8563e+00   3.9608e-16   6.6931e-16  -3.5868e-01  -4.3867e+00   1.9814e-15  -5.4872e-16  -1.1304e+01
   6.0171e-16  -9.0835e-16  -8.0772e-16  -1.1732e+01  -1.2183e-15  -7.0690e-16   1.9814e-15  -4.8861e+00  -1.1796e-14   2.6758e-17
  -1.4504e-15  -7.9473e-16   3.4125e-15   3.0458e-16  -1.1732e+01  -2.1724e-15  -5.4872e-16  -1.1796e-14  -4.8861e+00   5.9383e-17
  -2.4764e-01  -9.0318e-01  -1.2617e+00  -3.6247e-16   5.2028e-16  -1.1276e+01  -1.1304e+01   2.6758e-17   5.9383e-17  -6.9382e+00
after solving eigen equation: 4
Ca
  -1.7914e-01  -4.5949e-01  -4.7123e-01  -1.1519e-15   4.3932e-16   5.0450e-01  -4.5797e-16  -8.7604e-17  -4.9584e-01  -1.8535e-01
  -6.3172e-01  -3.9768e-01  -8.2625e-02  -3.1919e-16  -8.6736e-18  -4.8317e-01  -1.2490e-16  -2.0817e-17   3.0676e-01  -3.2924e-01
  -2.6237e-01   3.6155e-01   5.2069e-01   1.0270e-15  -6.8522e-16   1.0970e-01  -3.1919e-16  -1.1102e-16  -4.0006e-01  -5.9770e-01
  -7.3812e-17   2.0162e-16   8.2552e-16  -1.4065e-01   6.9298e-01  -5.2353e-16  -4.6582e-01   5.3199e-01  -1.7914e-16   1.5800e-16
  -3.6040e-17  -2.6424e-16  -8.4298e-16   6.9298e-01   1.4065e-01   7.3596e-16  -5.3199e-01  -4.6582e-01   1.0924e-15  -1.0850e-17
  -6.3172e-01   3.9768e-01  -8.2625e-02   1.1102e-16  -1.3878e-17   4.8317e-01   4.9960e-16   8.8818e-16   3.0676e-01   3.2924e-01
   2.6237e-01   3.6155e-01  -5.2069e-01  -6.6613e-16   3.8858e-16   1.0970e-01   3.3307e-16   7.2164e-16   4.0006e-01  -5.9770e-01
  -1.1049e-16   1.6564e-16   8.3333e-16  -1.4065e-01   6.9298e-01   4.9892e-16   4.6582e-01  -5.3199e-01   2.3513e-16  -2.7713e-16
            0  -4.4409e-16  -9.4369e-16   6.9298e-01   1.4065e-01  -7.7716e-16   5.3199e-01   4.6582e-01  -1.3323e-15  -1.6653e-16
  -1.7914e-01   4.5949e-01  -4.7123e-01  -5.8403e-16   3.4711e-16  -5.0450e-01  -6.7166e-16  -1.3809e-15  -4.9584e-01   1.8535e-01
Pa_new
   4.6528e-01   3.3483e-01  -3.6449e-01  -1.9821e-18  -2.1131e-16  -3.0630e-02   3.2236e-02   1.7438e-17  -8.7672e-17   4.3018e-02
   3.3483e-01   5.6405e-01  -2.1062e-02  -6.2876e-17  -2.4908e-17   2.4775e-01  -2.6650e-01  -2.6044e-17   3.2168e-17  -3.0630e-02
  -3.6449e-01  -2.1062e-02   4.7067e-01  -9.7182e-17   9.0272e-17   2.6650e-01  -2.0923e-01  -9.6498e-17  -3.6645e-17  -3.2236e-02
  -1.9821e-18  -6.2876e-17  -9.7182e-17   5.0000e-01  -5.5511e-16   3.3368e-17  -1.3340e-17   5.0000e-01            0   3.9539e-17
  -2.1131e-16  -2.4908e-17   9.0272e-17  -5.5511e-16   5.0000e-01   6.2319e-17  -7.3026e-17   1.2490e-16   5.0000e-01  -7.3623e-17
  -3.0630e-02   2.4775e-01   2.6650e-01   3.3368e-17   6.2319e-17   5.6405e-01   2.1062e-02   4.1588e-17  -2.3650e-17   3.3483e-01
   3.2236e-02  -2.6650e-01  -2.0923e-01  -1.3340e-17  -7.3026e-17   2.1062e-02   4.7067e-01  -4.0037e-17  -7.6157e-17   3.6449e-01
   1.7438e-17  -2.6044e-17  -9.6498e-17   5.0000e-01   1.2490e-16   4.1588e-17  -4.0037e-17   5.0000e-01   6.8001e-16   2.5899e-17
  -8.7672e-17   3.2168e-17  -3.6645e-17            0   5.0000e-01  -2.3650e-17  -7.6157e-17   6.8001e-16   5.0000e-01  -1.1526e-16
   4.3018e-02  -3.0630e-02  -3.2236e-02   3.9539e-17  -7.3623e-17   3.3483e-01   3.6449e-01   2.5899e-17  -1.1526e-16   4.6528e-01
P_t
   0.9306
   4.0694
   4.0694
   0.9306
Ga
   8.7650e+01  -3.9967e+00   4.3508e+00   2.3659e-17   2.5223e-15   1.9072e-01  -2.0072e-01  -1.0858e-16   5.4589e-16  -1.8165e-01
  -3.9967e+00   1.2115e+02   3.5803e-01   1.0688e-15   4.2342e-16  -2.7187e+00   2.9245e+00   2.8580e-16  -3.5300e-16   1.9072e-01
   4.3508e+00   3.5803e-01   1.2273e+02   1.6520e-15  -1.5346e-15  -2.9245e+00   2.2960e+00   1.0589e-15   4.0213e-16   2.0072e-01
   2.3659e-17   1.0688e-15   1.6520e-15   1.2224e+02   9.4365e-15  -3.6617e-16   1.4638e-16  -5.4868e+00            0  -2.4619e-16
   2.5223e-15   4.2342e-16  -1.5346e-15   9.4365e-15   1.2224e+02  -6.8387e-16   8.0136e-16  -1.3706e-15  -5.4868e+00   4.5841e-16
   1.9072e-01  -2.7187e+00  -2.9245e+00  -3.6617e-16  -6.8387e-16   1.2115e+02  -3.5803e-01  -7.0696e-16   4.0203e-16  -3.9967e+00
  -2.0072e-01   2.9245e+00   2.2960e+00   1.4638e-16   8.0136e-16  -3.5803e-01   1.2273e+02   6.8059e-16   1.2946e-15  -4.3508e+00
  -1.0858e-16   2.8580e-16   1.0589e-15  -5.4868e+00  -1.3706e-15  -7.0696e-16   6.8059e-16   1.2224e+02  -1.1560e-14  -3.0915e-16
   5.4589e-16  -3.5300e-16   4.0213e-16            0  -5.4868e+00   4.0203e-16   1.2946e-15  -1.1560e-14   1.2224e+02   1.3758e-15
  -1.8165e-01   1.9072e-01   2.0072e-01  -2.4619e-16   4.5841e-16  -3.9967e+00  -4.3508e+00  -3.0915e-16   1.3758e-15   8.7650e+01
Gb
   8.7650e+01  -3.9967e+00   4.3508e+00   2.3659e-17   2.5223e-15   1.9072e-01  -2.0072e-01  -1.0858e-16   5.4589e-16  -1.8165e-01
  -3.9967e+00   1.2115e+02   3.5803e-01   1.0688e-15   4.2342e-16  -2.7187e+00   2.9245e+00   2.8580e-16  -3.5300e-16   1.9072e-01
   4.3508e+00   3.5803e-01   1.2273e+02   1.6520e-15  -1.5346e-15  -2.9245e+00   2.2960e+00   1.0589e-15   4.0213e-16   2.0072e-01
   2.3659e-17   1.0688e-15   1.6520e-15   1.2224e+02   9.4365e-15  -3.6617e-16   1.4638e-16  -5.4868e+00            0  -2.4619e-16
   2.5223e-15   4.2342e-16  -1.5346e-15   9.4365e-15   1.2224e+02  -6.8387e-16   8.0136e-16  -1.3706e-15  -5.4868e+00   4.5841e-16
   1.9072e-01  -2.7187e+00  -2.9245e+00  -3.6617e-16  -6.8387e-16   1.2115e+02  -3.5803e-01  -7.0696e-16   4.0203e-16  -3.9967e+00
  -2.0072e-01   2.9245e+00   2.2960e+00   1.4638e-16   8.0136e-16  -3.5803e-01   1.2273e+02   6.8059e-16   1.2946e-15  -4.3508e+00
  -1.0858e-16   2.8580e-16   1.0589e-15  -5.4868e+00  -1.3706e-15  -7.0696e-16   6.8059e-16   1.2224e+02  -1.1560e-14  -3.0915e-16
   5.4589e-16  -3.5300e-16   4.0213e-16            0  -5.4868e+00   4.0203e-16   1.2946e-15  -1.1560e-14   1.2224e+02   1.3758e-15
  -1.8165e-01   1.9072e-01   2.0072e-01  -2.4619e-16   4.5841e-16  -3.9967e+00  -4.3508e+00  -3.0915e-16   1.3758e-15   8.7650e+01
Iteration: 5
Fa
  -6.9398e+00  -1.1272e+01   1.1308e+01   2.3659e-17   2.5223e-15  -9.0357e-01   1.2625e+00  -1.0858e-16   5.4589e-16  -2.4824e-01
  -1.1272e+01  -1.4459e+01   3.5803e-01   1.0688e-15   4.2342e-16  -1.2511e+01   1.2420e+01   2.8580e-16  -3.5300e-16  -9.0357e-01
   1.1308e+01   3.5803e-01  -4.3922e+00   1.6520e-15  -1.5346e-15  -1.2420e+01   8.8496e+00   1.0589e-15   4.0213e-16  -1.2625e+00
   2.3659e-17   1.0688e-15   1.6520e-15  -4.8908e+00   9.4365e-15  -3.6617e-16   1.4638e-16  -1.1732e+01            0  -2.4619e-16
   2.5223e-15   4.2342e-16  -1.5346e-15   9.4365e-15  -4.8908e+00  -6.8387e-16   8.0136e-16  -1.3706e-15  -1.1732e+01   4.5841e-16
  -9.0357e-01  -1.2511e+01  -1.2420e+01  -3.6617e-16  -6.8387e-16  -1.4459e+01  -3.5803e-01  -7.0696e-16   4.0203e-16  -1.1272e+01
   1.2625e+00   1.2420e+01   8.8496e+00   1.4638e-16   8.0136e-16  -3.5803e-01  -4.3922e+00   6.8059e-16   1.2946e-15  -1.1308e+01
  -1.0858e-16   2.8580e-16   1.0589e-15  -1.1732e+01  -1.3706e-15  -7.0696e-16   6.8059e-16  -4.8908e+00  -1.1560e-14  -3.0915e-16
   5.4589e-16  -3.5300e-16   4.0213e-16            0  -1.1732e+01   4.0203e-16   1.2946e-15  -1.1560e-14  -4.8908e+00   1.3758e-15
  -2.4824e-01  -9.0357e-01  -1.2625e+00  -2.4619e-16   4.5841e-16  -1.1272e+01  -1.1308e+01  -3.0915e-16   1.3758e-15  -6.9398e+00
after solving eigen equation: 5
Ca
  -1.7902e-01  -4.5949e-01  -4.7131e-01   2.5587e-16   2.1337e-16   5.0445e-01   3.8424e-16   6.1409e-16  -4.9580e-01  -1.8548e-01
  -6.3174e-01  -3.9755e-01  -8.2675e-02  -5.8981e-17  -4.8572e-17  -4.8321e-01  -5.1001e-16  -6.5573e-16   3.0670e-01  -3.2933e-01
  -2.6239e-01   3.6169e-01   5.2061e-01  -1.0755e-16  -4.4409e-16   1.0972e-01   3.1225e-16   2.3592e-16  -4.0014e-01  -5.9761e-01
   4.8931e-17  -3.9297e-17  -4.1530e-16  -5.9105e-01  -3.8815e-01   8.2222e-17  -5.4345e-01   4.5240e-01   3.3098e-17  -9.2013e-17
   6.8236e-18   1.3436e-17   4.9382e-16  -3.8815e-01   5.9105e-01   9.2299e-16  -4.5240e-01  -5.4345e-01  -4.5357e-16   5.9970e-17
  -6.3174e-01   3.9755e-01  -8.2675e-02            0            0   4.8321e-01   3.3307e-16   3.3307e-16   3.0670e-01   3.2933e-01
   2.6239e-01   3.6169e-01  -5.2061e-01   5.5511e-17   4.9960e-16   1.0972e-01  -5.5511e-17  -2.7756e-16   4.0014e-01  -5.9761e-01
  -6.1257e-18  -7.2992e-17  -4.5172e-16  -5.9105e-01  -3.8815e-01  -7.5442e-17   5.4345e-01  -4.5240e-01  -7.4102e-17   5.0534e-17
            0  -1.1102e-16   3.3307e-16  -3.8815e-01   5.9105e-01  -6.6613e-16   4.5240e-01   5.4345e-01   3.3307e-16  -1.1102e-16
  -1.7902e-01   4.5949e-01  -4.7131e-01  -1.8711e-31   4.6898e-16  -5.0445e-01  -2.9448e-16  -1.5908e-16  -4.9580e-01   1.8548e-01
Pa_new
   4.6531e-01   3.3473e-01  -3.6459e-01  -2.9021e-17  -2.1334e-16  -3.0609e-02   3.2198e-02   1.3481e-17  -7.9165e-17   4.3048e-02
   3.3473e-01   5.6398e-01  -2.1069e-02   7.2760e-17  -5.6295e-17   2.4789e-01  -2.6651e-01   1.2395e-16   1.0785e-17  -3.0609e-02
  -3.6459e-01  -2.1069e-02   4.7071e-01  -7.3237e-18   3.9425e-17   2.6651e-01  -2.0906e-01  -2.4023e-17  -8.7491e-17  -3.2198e-02
  -2.9021e-17   7.2760e-17  -7.3237e-18   5.0000e-01  -1.3878e-16  -1.2199e-17  -1.1890e-17   5.0000e-01   1.1102e-16  -1.3115e-17
  -2.1334e-16  -5.6295e-17   3.9425e-17  -1.3878e-16   5.0000e-01  -3.9796e-17   2.3304e-17   1.9429e-16   5.0000e-01   4.9403e-17
  -3.0609e-02   2.4789e-01   2.6651e-01  -1.2199e-17  -3.9796e-17   5.6398e-01   2.1069e-02   1.2198e-17  -7.1674e-17   3.3473e-01
   3.2198e-02  -2.6651e-01  -2.0906e-01  -1.1890e-17   2.3304e-17   2.1069e-02   4.7071e-01  -1.9566e-17   6.0189e-17   3.6459e-01
   1.3481e-17   1.2395e-16  -2.4023e-17   5.0000e-01   1.9429e-16   1.2198e-17  -1.9566e-17   5.0000e-01   4.7184e-16  -1.5777e-18
  -7.9165e-17   1.0785e-17  -8.7491e-17   1.1102e-16   5.0000e-01  -7.1674e-17   6.0189e-17   4.7184e-16   5.0000e-01   6.9201e-17
