gamma
   21.0781   14.4022
   14.4022   25.2023
Overlap
   1.0000   0.4535  -0.3516        0        0
   0.4535   1.0000        0        0        0
  -0.3516        0   1.0000        0        0
        0        0        0   1.0000        0
        0        0        0        0   1.0000

 p =  4 q =  3
H_core
  -1.1853e+02  -1.0883e+01   8.4379e+00            0            0
  -1.0883e+01  -2.1049e+02            0            0            0
   8.4379e+00            0  -1.8930e+02            0            0
            0            0            0  -1.8930e+02            0
            0            0            0            0  -1.8930e+02

Final iteration:
Ga
   9.8958e+01  -3.0898e+00   5.3221e+00            0            0
  -3.0898e+00   1.4755e+02  -2.6302e+00            0            0
   5.3221e+00  -2.6302e+00   1.5055e+02            0            0
            0            0            0   1.4602e+02            0
            0            0            0            0   1.4602e+02
Gb
   9.8958e+01  -3.0898e+00   5.3221e+00            0            0
  -3.0898e+00   1.4755e+02  -2.6302e+00            0            0
   5.3221e+00  -2.6302e+00   1.5055e+02            0            0
            0            0            0   1.4602e+02            0
            0            0            0            0   1.7122e+02
Fa
  -19.5721  -13.9729   13.7600         0         0
  -13.9729  -62.9400   -2.6302         0         0
   13.7600   -2.6302  -38.7446         0         0
         0         0         0  -43.2750         0
         0         0         0         0  -43.2750
Fb
  -19.5721  -13.9729   13.7600         0         0
  -13.9729  -62.9400   -2.6302         0         0
   13.7600   -2.6302  -38.7446         0         0
         0         0         0  -43.2750         0
         0         0         0         0  -18.0727
Ea
  -67.1273
  -45.1971
  -43.2750
  -43.2750
   -8.9322
Eb
  -67.1273
  -45.1971
  -43.2750
  -18.0727
   -8.9322
Ca
  -0.2961  -0.3907        0        0  -0.8716
  -0.9535   0.1737        0        0   0.2461
   0.0552   0.9040        0        0  -0.4240
        0        0   1.0000        0        0
        0        0        0   1.0000        0
Cb
  -0.2961  -0.3907        0        0  -0.8716
  -0.9535   0.1737        0        0   0.2461
   0.0552   0.9040        0        0  -0.4240
        0        0   1.0000        0        0
        0        0        0   1.0000        0
Nuclear Repulsion Energy is 110.744 eV.
Electron Energy is -853.581 eV.
The molecule in file HF+.txt has energy -742.837312
