OV_mat
   1.0000e+00   4.8501e-01  -4.6382e-01            0            0   7.2952e-02  -9.7547e-02            0            0   7.3985e-03
   4.8501e-01   1.0000e+00            0            0            0   4.6629e-01  -4.5219e-01            0            0   7.2952e-02
  -4.6382e-01            0   1.0000e+00            0            0   4.5219e-01  -3.1207e-01            0            0   9.7547e-02
            0            0            0   1.0000e+00            0            0            0   2.9737e-01            0            0
            0            0            0            0   1.0000e+00            0            0            0   2.9737e-01            0
   7.2952e-02   4.6629e-01   4.5219e-01            0            0   1.0000e+00  -6.7317e-16            0            0   4.8501e-01
  -9.7547e-02  -4.5219e-01  -3.1207e-01            0            0  -6.7317e-16   1.0000e+00            0            0   4.6382e-01
            0            0            0   2.9737e-01            0            0            0   1.0000e+00            0            0
            0            0            0            0   2.9737e-01            0            0            0   1.0000e+00            0
   7.3985e-03   7.2952e-02   9.7547e-02            0            0   4.8501e-01   4.6382e-01            0            0   1.0000e+00
H_mat
  -1.3600e+01  -1.4854e+01   1.0146e+01            0            0  -2.2342e+00   2.1338e+00            0            0  -1.7609e-01
  -1.4854e+01  -2.1400e+01            0            0            0  -1.7462e+01   1.2978e+01            0            0  -2.2342e+00
   1.0146e+01            0  -1.1400e+01            0            0  -1.2978e+01   6.2258e+00            0            0  -2.1338e+00
            0            0            0  -1.1400e+01            0            0            0  -5.9325e+00            0            0
            0            0            0            0  -1.1400e+01            0            0            0  -5.9325e+00            0
  -2.2342e+00  -1.7462e+01  -1.2978e+01            0            0  -2.1400e+01   1.9320e-14            0            0  -1.4854e+01
   2.1338e+00   1.2978e+01   6.2258e+00            0            0   1.9320e-14  -1.1400e+01            0            0  -1.0146e+01
            0            0            0  -5.9325e+00            0            0            0  -1.1400e+01            0            0
            0            0            0            0  -5.9325e+00            0            0            0  -1.1400e+01            0
  -1.7609e-01  -2.2342e+00  -2.1338e+00            0            0  -1.4854e+01  -1.0146e+01            0            0  -1.3600e+01
X_mat
   1.2686e+00  -2.9295e-01   3.9220e-01   8.0361e-17   8.9041e-17  -8.6119e-02   7.2306e-02  -9.8865e-17  -4.0679e-18  -1.2048e-02
  -2.9295e-01   1.4802e+00   2.0371e-01   6.8529e-17   2.0249e-17  -4.6197e-01   4.8690e-01  -1.0885e-16  -1.2733e-16  -8.6119e-02
   3.9220e-01   2.0371e-01   1.4501e+00   1.3010e-16   2.2686e-16  -4.8690e-01   4.2301e-01  -2.8976e-16   8.8320e-17  -7.2306e-02
   8.0361e-17   6.8529e-17   1.3010e-16   1.0355e+00  -3.3307e-16  -9.0101e-17   6.6850e-17  -1.5752e-01   2.6730e-32  -1.8611e-18
   8.9041e-17   2.0249e-17   2.2686e-16  -3.6082e-16   1.0355e+00  -1.2146e-16   2.0658e-16   5.5511e-17  -1.5752e-01  -5.6624e-17
  -8.6119e-02  -4.6197e-01  -4.8690e-01  -9.0101e-17  -1.2146e-16   1.4802e+00  -2.0371e-01   3.8467e-16  -9.5096e-17  -2.9295e-01
   7.2306e-02   4.8690e-01   4.2301e-01   6.6850e-17   2.0658e-16  -2.0371e-01   1.4501e+00  -3.3989e-16  -4.4080e-17  -3.9220e-01
  -9.8865e-17  -1.0885e-16  -2.8976e-16  -1.5752e-01   2.7756e-17   3.8467e-16  -3.3989e-16   1.0355e+00   1.1102e-16   6.9685e-17
  -4.0679e-18  -1.2733e-16   8.8320e-17  -2.7756e-17  -1.5752e-01  -9.5096e-17  -4.4080e-17   1.1102e-16   1.0355e+00   8.5904e-17
  -1.2048e-02  -8.6119e-02  -7.2306e-02  -1.8611e-18  -5.6624e-17  -2.9295e-01  -3.9220e-01   6.9685e-17   8.5904e-17   1.2686e+00
C_mat
  -9.1509e-02  -3.3303e-01  -3.7688e-01  -1.4657e-15  -4.7237e-16   6.1819e-16   3.3521e-17  -9.0554e-01  -8.7300e-01  -1.3580e-01
  -5.3539e-01  -3.7953e-01   3.9308e-02  -3.6914e-16   1.3198e-16  -3.0619e-16   5.3239e-17   5.2740e-01   5.8491e-01  -1.3129e+00
  -3.5750e-02   2.3725e-01   4.2622e-01   1.2643e-15  -2.9094e-16   1.6255e-16  -2.4700e-16  -6.2436e-01  -6.6014e-01  -1.2863e+00
  -1.1399e-16  -9.6018e-17  -2.6450e-16   1.3042e-01   6.0695e-01   8.3484e-01  -1.2106e-01   7.0908e-18   2.8181e-18  -2.6118e-16
   3.8738e-16   1.1606e-15   2.1878e-15  -6.0695e-01   1.3042e-01   1.2106e-01   8.3484e-01  -1.7935e-16  -6.4346e-17  -3.6218e-16
  -5.3539e-01   3.7953e-01   3.9308e-02   6.0007e-16  -8.9940e-17   4.8618e-17   1.9605e-16  -5.2740e-01   5.8491e-01   1.3129e+00
   3.5750e-02   2.3725e-01  -4.2622e-01  -1.1343e-15  -1.9820e-16   8.4401e-17  -1.9231e-16  -6.2436e-01   6.6014e-01  -1.2863e+00
  -5.4701e-16  -4.9914e-17  -6.8211e-16   1.3042e-01   6.0695e-01  -8.3484e-01   1.2106e-01  -9.4709e-17  -2.1735e-16   6.5721e-16
   2.2514e-16   5.7438e-16   1.7751e-15  -6.0695e-01   1.3042e-01  -1.2106e-01  -8.3484e-01  -3.1304e-17  -1.5433e-16   1.7384e-16
  -9.1509e-02   3.3303e-01  -3.7688e-01  -8.9217e-16  -4.2558e-17   5.9470e-17  -8.2497e-17   9.0554e-01  -8.7300e-01   1.3580e-01
The molecule in file C2H2.txt has energy -177.169636
