gamma1st_mat
        0   0.1130  -0.0717  -0.0717   0.0545   0.0545  -0.1130        0  -0.0545  -0.0545   0.0717   0.0717   0.0717   0.0545        0        0   0.0467   0.0230   0.0717   0.0545        0        0   0.0230   0.0467  -0.0545  -0.0717  -0.0467  -0.0230        0        0  -0.0545  -0.0717  -0.0230  -0.0467        0        0
        0        0  -0.1241   0.1241  -0.0275   0.0275        0        0  -0.0275   0.0275  -0.1241   0.1241   0.1241   0.0275        0   0.0742        0   0.0180  -0.1241  -0.0275  -0.0742        0  -0.0180        0   0.0275   0.1241        0   0.0180        0   0.0742  -0.0275  -0.1241  -0.0180        0  -0.0742        0
        0        0        0        0        0        0        0        0        0        0        0        0        0        0        0        0        0        0        0        0        0        0        0        0        0        0        0        0        0        0        0        0        0        0        0        0
gamma_mat
   0.6247   0.3745   0.4387   0.4387   0.2494   0.2494
   0.3745   0.6247   0.2494   0.2494   0.4387   0.4387
   0.4387   0.2494   0.7746   0.2764   0.2168   0.1710
   0.4387   0.2494   0.2764   0.7746   0.1710   0.2168
   0.2494   0.4387   0.2168   0.1710   0.7746   0.2764
   0.2494   0.4387   0.1710   0.2168   0.2764   0.7746
gammafd_mat
        0  -0.1130   0.0717   0.0717  -0.0545  -0.0545
  -0.1130        0        0        0        0        0
   0.0717        0        0        0        0        0
   0.0717        0        0        0        0        0
  -0.0545        0        0        0        0        0
  -0.0545        0        0        0        0        0
