OV1st_mat
            0  -4.9871e-01            0            0   2.7696e-01   1.8561e-01            0            0  -1.5144e-01  -1.5144e-01   8.9084e-02   8.9084e-02   4.9871e-01            0            0            0  -1.8561e-01   1.6771e-02            0            0   1.2145e-01   1.2145e-01  -8.1485e-02  -8.1485e-02            0            0            0            0            0            0   2.2333e-01            0  -1.7627e-01   1.7627e-01   5.7913e-02  -5.7913e-02            0            0            0            0            0            0            0   2.2333e-01            0            0            0            0  -2.7696e-01   1.8561e-01            0            0            0  -4.9871e-01            0            0  -8.9084e-02  -8.9084e-02   1.5144e-01   1.5144e-01  -1.8561e-01  -1.6771e-02            0            0   4.9871e-01            0            0            0  -8.1485e-02  -8.1485e-02   1.2145e-01   1.2145e-01            0            0  -2.2333e-01            0            0            0            0            0  -5.7913e-02   5.7913e-02   1.7627e-01  -1.7627e-01            0            0            0  -2.2333e-01            0            0            0            0            0            0            0            0   1.5144e-01  -1.2145e-01   1.7627e-01            0   8.9084e-02   8.1485e-02   5.7913e-02            0            0            0   5.4167e-02   1.3396e-02   1.5144e-01  -1.2145e-01  -1.7627e-01            0   8.9084e-02   8.1485e-02  -5.7913e-02            0            0            0   1.3396e-02   5.4167e-02  -8.9084e-02   8.1485e-02  -5.7913e-02            0  -1.5144e-01  -1.2145e-01  -1.7627e-01            0  -5.4167e-02  -1.3396e-02            0            0  -8.9084e-02   8.1485e-02   5.7913e-02            0  -1.5144e-01  -1.2145e-01   1.7627e-01            0  -1.3396e-02  -5.4167e-02            0            0
            0            0  -4.9871e-01            0            0            0  -1.6167e-01            0  -2.6236e-01   2.6236e-01  -4.4904e-02   4.4904e-02            0            0            0            0            0            0   2.2333e-01            0  -1.7627e-01   1.7627e-01   5.7913e-02  -5.7913e-02   4.9871e-01            0            0            0   1.6167e-01   2.2333e-01            0            0  -8.2184e-02  -8.2184e-02   4.2164e-03   4.2164e-03            0            0            0            0            0            0            0            0            0            0            0            0            0            0  -1.6167e-01            0            0            0  -4.9871e-01            0  -4.4904e-02   4.4904e-02  -2.6236e-01   2.6236e-01            0            0  -2.2333e-01            0            0            0            0            0  -5.7913e-02   5.7913e-02   1.7627e-01  -1.7627e-01   1.6167e-01  -2.2333e-01            0            0   4.9871e-01            0            0            0   4.2164e-03   4.2164e-03  -8.2184e-02  -8.2184e-02            0            0            0            0            0            0            0            0            0            0            0            0   2.6236e-01   1.7627e-01   8.2184e-02            0   4.4904e-02   5.7913e-02  -4.2164e-03            0   1.2738e-16   1.1768e-01   1.2262e-21   1.0461e-02  -2.6236e-01  -1.7627e-01   8.2184e-02            0  -4.4904e-02  -5.7913e-02  -4.2164e-03            0  -1.1768e-01  -1.2738e-16  -1.0461e-02  -1.2262e-21   4.4904e-02  -5.7913e-02  -4.2164e-03            0   2.6236e-01  -1.7627e-01   8.2184e-02            0   1.2262e-21   1.0461e-02   1.2738e-16   1.1768e-01  -4.4904e-02   5.7913e-02  -4.2164e-03            0  -2.6236e-01   1.7627e-01   8.2184e-02            0  -1.0461e-02  -1.2262e-21  -1.1768e-01  -1.2738e-16
            0            0            0  -4.9871e-01            0            0            0  -1.6167e-01            0            0            0            0            0            0            0            0            0            0            0   2.2333e-01            0            0            0            0            0            0            0            0            0            0            0            0            0            0            0            0   4.9871e-01            0            0            0   1.6167e-01   2.2333e-01            0            0   2.2320e-01   2.2320e-01   3.3408e-02   3.3408e-02            0            0            0  -1.6167e-01            0            0            0  -4.9871e-01            0            0            0            0            0            0            0  -2.2333e-01            0            0            0            0            0            0            0            0            0            0            0            0            0            0            0            0            0            0            0            0   1.6167e-01  -2.2333e-01            0            0   4.9871e-01            0            0            0   3.3408e-02   3.3408e-02   2.2320e-01   2.2320e-01            0            0            0  -2.2320e-01            0            0            0  -3.3408e-02            0            0            0            0            0            0            0  -2.2320e-01            0            0            0  -3.3408e-02            0            0            0            0            0            0            0  -3.3408e-02            0            0            0  -2.2320e-01            0            0            0            0            0            0            0  -3.3408e-02            0            0            0  -2.2320e-01            0            0            0            0
OV_mat
   1.0000        0        0        0   0.3954   0.4094        0        0   0.4851   0.4851   0.1045   0.1045
        0   1.0000        0        0  -0.4094  -0.3281        0        0   0.2319   0.2319  -0.1193  -0.1193
        0        0   1.0000        0        0        0   0.2373        0   0.4018  -0.4018   0.0601  -0.0601
        0        0        0   1.0000        0        0        0   0.2373        0        0        0        0
   0.3954  -0.4094        0        0   1.0000        0        0        0   0.1045   0.1045   0.4851   0.4851
   0.4094  -0.3281        0        0        0   1.0000        0        0   0.1193   0.1193  -0.2319  -0.2319
        0        0   0.2373        0        0        0   1.0000        0   0.0601  -0.0601   0.4018  -0.4018
        0        0        0   0.2373        0        0        0   1.0000        0        0        0        0
   0.4851   0.2319   0.4018        0   0.1045   0.1193   0.0601        0   1.0000   0.1390   0.0554   0.0149
   0.4851   0.2319  -0.4018        0   0.1045   0.1193  -0.0601        0   0.1390   1.0000   0.0149   0.0554
   0.1045  -0.1193   0.0601        0   0.4851  -0.2319   0.4018        0   0.0554   0.0149   1.0000   0.1390
   0.1045  -0.1193  -0.0601        0   0.4851  -0.2319  -0.4018        0   0.0149   0.0554   0.1390   1.0000
OVfd_mat
            0            0            0            0            0            0            0            0  -1.5144e-01            0            0            0
            0            0            0            0            0            0            0            0   1.2145e-01            0            0            0
            0            0            0            0            0            0            0            0  -1.7627e-01            0            0            0
            0            0            0            0            0            0            0            0            0            0            0            0
            0            0            0            0            0            0            0            0  -8.9084e-02            0            0            0
            0            0            0            0            0            0            0            0  -8.1485e-02            0            0            0
            0            0            0            0            0            0            0            0  -5.7913e-02            0            0            0
            0            0            0            0            0            0            0            0            0            0            0            0
  -1.5144e-01   1.2145e-01  -1.7627e-01            0  -8.9084e-02  -8.1485e-02  -5.7913e-02            0            0   1.6345e-07  -5.4168e-02  -1.3396e-02
            0            0            0            0            0            0            0            0   1.6345e-07            0            0            0
            0            0            0            0            0            0            0            0  -5.4168e-02            0            0            0
            0            0            0            0            0            0            0            0  -1.3396e-02            0            0            0
